357
235
177
205
238
367
276
449
321
408
260
358
53
17
60
432
309
96
72
11
424
101
346
273
371
195
20
317
342
45
373
189
44
313
126
303
282
176
120
241
12
481
394
112
433
208
290
322
79
91
307
237
420
89
363
477
54
434
274
182
351
490
28
278
394
194
284
257
188
113
161
168
172
256
90
217
65
251
199
229
500
479
371
395
247
58
30
307
124
277
449
207
375
350
140
169
425
202
443
389
452
145
16
280
83
169
180
359
193
491
31
193
236
176
446
321
109
190
134
316
99
440
362
481
123
281
321
404
363
178
65
262
148
378
139
159
70
57
258
325
196
83
157
166
285
425
147
104
235
23
144
192
106
302
33
177
345
396
476
100
157
304
278
440
28
413
33
185
146
260
444
178
409
347
405
226
172
307
175
369
257
10
259
315
407
198
211
272
130
486
306
149
350
25
63
126
4
437
406
85
173
228
150
481
11
445
454
495
190
202
245
311
234
282
336
378
318
222
59
183
115
131
315
267
291
40
306
170
268
371
27
70
351
192
246
18
188
334
389
253
138
80
112
67
17
70
206
50
289
417
344
301
233
205
24
20
80
185
15
54
86
92
209
183
418
225
61
229
74
355
233
148
91
469
127
223
278
387
359
201
371
353
283
479
397
352
249
461
248
236
271
40
89
452
122
277
317
192
181
261
54
112
152
312
96
122
430
317
386
291
281
374
466
208
464
351
87
261
338
175
480
199
172
227
73
244
302
469
225
446
184
271
148
103
234
18
112
360
486
289
458
42
361
195
72
160
485
257
328
196
151
99
270
62
176
489
481
283
72
237
102
37
497
235
453
116
392
234
121
243
372
165
404
75
402
218
53
258
146
353
152
55
453
420
274
393
255
418
68
397
296
45
307
218
478
417
156
219
193
199
359
274
482
214
227
125
294
134
154
88
427
490
2
170
478
196
125
21
145
99
442
410
210
361
481
194
398
467
307
383
268
476
348
488
470
158
253
176
188
447
89
337
370
104
412
491
290
298
250
441
172
479
284
460
138
494
292
392
29
475
70
157
500
355
91
104
377
334
228
448
6
53
40
385
459
390
300
367
135
493
185
497
321
194
22
427
296
393
151
475
357
391
46
317
310
125
417
87
495
388
