376
57
367
133
314
197
143
397
488
67
13
102
71
430
84
115
106
92
270
207
148
412
79
105
283
264
458
246
167
294
393
478
55
196
449
264
79
46
210
174
313
289
269
416
225
438
370
388
50
175
430
249
129
252
88
78
288
467
100
472
187
112
127
259
92
42
20
472
88
113
359
243
320
99
498
290
219
115
463
189
218
239
229
355
235
188
430
298
366
132
441
280
351
357
402
24
142
46
319
442
30
395
135
497
163
104
236
485
49
179
28
308
175
471
304
197
106
402
123
194
107
266
102
211
121
371
340
78
150
151
118
343
263
338
397
379
496
122
185
329
232
123
79
103
228
42
418
275
418
177
130
168
237
254
412
300
335
274
92
300
97
65
248
451
314
470
38
97
278
150
230
60
290
481
406
146
329
467
485
250
467
396
41
258
178
57
7
186
43
301
91
335
302
164
392
52
7
96
398
28
26
74
46
76
181
68
261
301
280
233
240
287
380
221
118
67
465
188
320
176
422
347
16
386
21
240
86
319
427
143
401
308
270
260
218
348
357
310
308
146
319
58
10
180
14
472
334
258
95
484
243
98
149
129
2
137
121
98
279
9
414
215
261
491
465
43
41
148
417
492
302
331
65
278
376
299
425
182
49
482
212
282
483
429
236
170
98
226
360
43
188
72
401
30
204
390
491
147
482
182
302
463
371
493
342
490
497
397
409
423
419
326
73
352
315
158
198
176
182
158
424
486
329
100
165
20
317
81
202
7
410
363
79
378
432
108
348
220
259
219
257
493
275
264
145
13
244
31
69
422
34
395
247
124
81
378
414
380
270
462
138
425
102
377
355
440
326
500
254
163
172
239
307
402
415
44
362
429
250
304
114
119
373
256
214
36
181
256
290
70
388
461
184
166
177
323
92
297
164
100
265
142
469
204
197
423
349
128
434
237
250
119
5
408
245
101
161
25
450
157
67
465
314
30
458
491
138
224
430
448
443
278
370
359
106
488
197
442
375
348
198
181
93
63
262
86
54
437
283
41
137
192
166
328
67
361
333
340
214
353
161
288
124
491
38
77
360
246
29
166
77
159
24
451
91
52
285
349
78
409
110
143
68
207
260
67
60
107
134
331
482
345
338
289
341
499
346
199
255
222
